  0.00 1350.00  44.78   5.40  4.0 0.15
  0.01 1351.38  44.92   5.41  4.0 0.15
  0.02 1352.76  45.06   5.42  4.0 0.15
  0.03 1354.15  45.21   5.43  4.0 0.15
  0.04 1355.54  45.35   5.44  4.0 0.15
  0.05 1356.93  45.49   5.45  4.0 0.15
  0.06 1358.32  45.63   5.46  4.0 0.15
  0.07 1359.71  45.78   5.47  4.0 0.15
  0.08 1361.11  45.92   5.48  4.0 0.15
  0.09 1362.50  46.07   5.49  4.1 0.15
  0.10 1363.90  46.21   5.50  4.1 0.15
  0.11 1365.30  46.36   5.52  4.1 0.15
  0.12 1366.70  46.51   5.53  4.1 0.15
  0.13 1368.11  46.66   5.54  4.1 0.15
  0.14 1369.51  46.81   5.55  4.1 0.15
  0.15 1370.92  46.96   5.56  4.1 0.15
  0.16 1372.32  47.11   5.57  4.1 0.15
  0.17 1373.73  47.26   5.58  4.1 0.15
  0.18 1375.14  47.41   5.59  4.1 0.15
  0.19 1376.55  47.56   5.61  4.1 0.15
  0.20 1377.96  47.72   5.62  4.1 0.15
  0.21 1379.37  47.87   5.63  4.1 0.15
  0.22 1380.79  48.02   5.64  4.1 0.15
  0.23 1382.20  48.18   5.65  4.1 0.15
  0.24 1383.61  48.34   5.66  4.1 0.15
  0.25 1385.03  48.49   5.68  4.1 0.15
  0.26 1386.44  48.65   5.69  4.1 0.15
  0.27 1387.86  48.81   5.70  4.1 0.15
  0.28 1389.28  48.97   5.71  4.1 0.15
  0.29 1390.69  49.13   5.72  4.1 0.15
  0.30 1392.11  49.28   5.73  4.0 0.15
  0.31 1393.53  49.45   5.75  4.0 0.15
  0.32 1394.95  49.61   5.76  4.0 0.15
  0.33 1396.36  49.77   5.77  4.0 0.15
  0.34 1397.78  49.93   5.78  4.0 0.15
  0.35 1399.20  50.09   5.80  4.0 0.15
  0.36 1400.62  50.25   5.81  4.0 0.16
  0.37 1402.04  50.42   5.82  4.0 0.16
  0.38 1403.45  50.58   5.83  4.0 0.16
  0.39 1404.87  50.75   5.84  4.0 0.16
  0.40 1406.29  50.91   5.86  4.0 0.16
  0.41 1407.71  51.08   5.87  4.0 0.16
  0.42 1409.13  51.24   5.88  4.0 0.16
  0.43 1410.54  51.41   5.90  4.0 0.16
  0.44 1411.96  51.57   5.91  4.0 0.16
  0.45 1413.38  51.74   5.92  4.0 0.16
  0.46 1414.79  51.91   5.93  4.0 0.16
  0.47 1416.21  52.07   5.95  3.9 0.16
  0.48 1417.63  52.24   5.96  3.9 0.16
  0.49 1419.04  52.41   5.97  3.9 0.16
  0.50 1420.46  52.58   5.99  3.9 0.16
  0.51 1421.87  52.74   6.00  3.9 0.16
  0.52 1423.28  52.91   6.01  3.9 0.16
  0.53 1424.70  53.08   6.03  3.9 0.16
  0.54 1426.11  53.25   6.04  3.9 0.16
  0.55 1427.52  53.42   6.05  3.9 0.16
  0.56 1428.93  53.59   6.07  3.9 0.16
  0.57 1430.34  53.76   6.08  3.9 0.16
  0.58 1431.75  53.93   6.09  3.9 0.16
  0.59 1433.16  54.10   6.11  3.8 0.16
  0.60 1434.57  54.27   6.12  3.8 0.16
  0.61 1435.98  54.44   6.13  3.8 0.16
  0.62 1437.38  54.61   6.15  3.8 0.16
  0.63 1438.79  54.78   6.16  3.8 0.16
  0.64 1440.19  54.95   6.18  3.8 0.16
  0.65 1441.60  55.12   6.19  3.8 0.17
  0.66 1443.00  55.29   6.20  3.8 0.17
  0.67 1444.40  55.46   6.22  3.8 0.17
  0.68 1445.80  55.63   6.23  3.8 0.17
  0.69 1447.20  55.80   6.25  3.8 0.17
  0.70 1448.60  55.97   6.26  3.7 0.17
  0.71 1450.00  56.14   6.28  3.7 0.17
  0.72 1451.40  56.31   6.29  3.7 0.17
  0.73 1452.79  56.48   6.30  3.7 0.17
  0.74 1454.19  56.65   6.32  3.7 0.17
  0.75 1455.58  56.82   6.33  3.7 0.17
  0.76 1456.97  56.99   6.35  3.7 0.17
  0.77 1458.36  57.16   6.36  3.7 0.17
  0.78 1459.75  57.33   6.38  3.7 0.17
  0.79 1461.14  57.50   6.39  3.7 0.17
  0.80 1462.53  57.67   6.41  3.6 0.17
  0.81 1463.92  57.84   6.42  3.6 0.17
  0.82 1465.30  58.01   6.44  3.6 0.17
  0.83 1466.69  58.18   6.45  3.6 0.17
  0.84 1468.07  58.34   6.47  3.6 0.17
  0.85 1469.45  58.51   6.48  3.6 0.17
  0.86 1470.83  58.68   6.50  3.6 0.18
  0.87 1472.21  58.85   6.52  3.6 0.18
  0.88 1473.59  59.02   6.53  3.6 0.18
  0.89 1474.96  59.18   6.55  3.5 0.18
  0.90 1476.34  59.35   6.56  3.5 0.18
  0.91 1477.71  59.52   6.58  3.5 0.18
  0.92 1479.08  59.69   6.59  3.5 0.18
  0.93 1480.46  59.85   6.61  3.5 0.18
  0.94 1481.82  60.02   6.63  3.5 0.18
  0.95 1483.19  60.18   6.64  3.5 0.18
  0.96 1484.56  60.35   6.66  3.5 0.18
  0.97 1485.93  60.52   6.68  3.5 0.18
  0.98 1487.29  60.68   6.69  3.5 0.18
  0.99 1488.65  60.85   6.71  3.4 0.18
  1.00 1490.01  61.01   6.73  3.4 0.18
  1.01 1491.37  61.17   6.74  3.4 0.18
  1.02 1492.73  61.34   6.76  3.4 0.18
  1.03 1494.09  61.50   6.78  3.4 0.18
  1.04 1495.44  61.67   6.79  3.4 0.18
  1.05 1496.80  61.83   6.81  3.4 0.19
  1.06 1498.15  61.99   6.83  3.4 0.19
  1.07 1499.50  62.15   6.84  3.4 0.19
  1.08 1500.85  62.32   6.86  3.4 0.19
  1.09 1502.20  62.48   6.88  3.3 0.19
  1.10 1503.54  62.64   6.90  3.3 0.19
  1.11 1504.89  62.80   6.91  3.3 0.19
  1.12 1506.23  62.96   6.93  3.3 0.19
  1.13 1507.57  63.12   6.95  3.3 0.19
  1.14 1508.91  63.28   6.97  3.3 0.19
  1.15 1510.25  63.44   6.98  3.3 0.19
  1.16 1511.59  63.60   7.00  3.3 0.19
  1.17 1512.93  63.76   7.02  3.3 0.19
  1.18 1514.26  63.91   7.04  3.3 0.19
  1.19 1515.59  64.07   7.06  3.2 0.19
  1.20 1516.92  64.23   7.07  3.2 0.19
  1.21 1518.25  64.38   7.09  3.2 0.20
  1.22 1519.58  64.54   7.11  3.2 0.20
  1.23 1520.91  64.70   7.13  3.2 0.20
  1.24 1522.23  64.85   7.15  3.2 0.20
  1.25 1523.56  65.01   7.17  3.2 0.20
  1.26 1524.88  65.16   7.19  3.2 0.20
  1.27 1526.20  65.32   7.21  3.2 0.20
  1.28 1527.52  65.47   7.22  3.2 0.20
  1.29 1528.83  65.62   7.24  3.1 0.20
  1.30 1530.15  65.78   7.26  3.1 0.20
  1.31 1531.46  65.93   7.28  3.1 0.20
  1.32 1532.77  66.08   7.30  3.1 0.20
  1.33 1534.08  66.23   7.32  3.1 0.20
  1.34 1535.39  66.38   7.34  3.1 0.20
  1.35 1536.70  66.53   7.36  3.1 0.20
  1.36 1538.00  66.68   7.38  3.1 0.21
  1.37 1539.31  66.83   7.40  3.1 0.21
  1.38 1540.61  66.98   7.42  3.1 0.21
  1.39 1541.91  67.13   7.44  3.1 0.21
  1.40 1543.21  67.28   7.46  3.0 0.21
  1.41 1544.51  67.43   7.48  3.0 0.21
  1.42 1545.80  67.58   7.50  3.0 0.21
  1.43 1547.09  67.72   7.52  3.0 0.21
  1.44 1548.39  67.87   7.54  3.0 0.21
  1.45 1549.68  68.02   7.56  3.0 0.21
  1.46 1550.97   9.88   7.59  0.2 0.77
  1.47 1551.28   9.86   7.61  0.2 0.77
  1.48 1551.59   9.85   7.63  0.2 0.77
  1.49 1551.91   9.83   7.65  0.2 0.78
  1.50 1552.22   9.82   7.67  0.2 0.78
  1.51 1552.53   9.80   7.69  0.2 0.78
  1.52 1552.83   9.79   7.71  0.2 0.79
  1.53 1553.14   9.77   7.74  0.2 0.79
  1.54 1553.45   9.76   7.76  0.2 0.79
  1.55 1553.75   9.74   7.78  0.2 0.80
  1.56 1554.05   9.73   7.80  0.2 0.80
  1.57 1554.35   9.71   7.82  0.2 0.81
  1.58 1554.65   9.70   7.85  0.2 0.81
  1.59 1554.95   9.69   7.87  0.2 0.81
  1.60 1555.25   9.67   7.89  0.2 0.82
  1.61 1555.55   9.66   7.91  0.2 0.82
  1.62 1555.84   9.64   7.94  0.2 0.82
  1.63 1556.13   9.63   7.96  0.2 0.83
  1.64 1556.43   9.62   7.98  0.2 0.83
  1.65 1556.72   9.60   8.01  0.2 0.83
  1.66 1557.00   9.59   8.03  0.2 0.84
  1.67 1557.29   9.58   8.05  0.2 0.84
  1.68 1557.58   9.56   8.08  0.2 0.84
  1.69 1557.86   9.55   8.10  0.2 0.85
  1.70 1558.15   9.54   8.12  0.2 0.85
  1.71 1558.43   9.52   8.15  0.2 0.86
  1.72 1558.71   9.51   8.17  0.2 0.86
  1.73 1558.99   9.50   8.20  0.2 0.86
  1.74 1559.27   9.49   8.22  0.2 0.87
  1.75 1559.54   9.47   8.24  0.2 0.87
  1.76 1559.82   9.46   8.27  0.2 0.87
  1.77 1560.09   9.45   8.29  0.2 0.88
  1.78 1560.36   9.43   8.32  0.2 0.88
  1.79 1560.63   9.42   8.34  0.2 0.89
  1.80 1560.90   9.41   8.37  0.2 0.89
  1.81 1561.17   9.40   8.39  0.2 0.89
  1.82 1561.44   9.39   8.42  0.2 0.90
  1.83 1561.70   9.37   8.45  0.2 0.90
  1.84 1561.97   9.36   8.47  0.2 0.90
  1.85 1562.23   9.35   8.50  0.2 0.91
  1.86 1562.49   9.34   8.52  0.2 0.91
  1.87 1562.75   9.33   8.55  0.2 0.92
  1.88 1563.01   9.32   8.58  0.2 0.92
  1.89 1563.26   9.30   8.60  0.2 0.92
  1.90 1563.52   9.29   8.63  0.2 0.93
  1.91 1563.77   9.28   8.66  0.2 0.93
  1.92 1564.03   9.27   8.68  0.2 0.94
  1.93 1564.28   9.26   8.71  0.2 0.94
  1.94 1564.53   9.25   8.74  0.2 0.94
  1.95 1564.77   9.24   8.76  0.2 0.95
  1.96 1565.02   9.23   8.79  0.2 0.95
  1.97 1565.27   9.21   8.82  0.2 0.96
  1.98 1565.51   9.20   8.85  0.2 0.96
  1.99 1565.75   9.19   8.88  0.2 0.97
  2.00 1565.99   9.18   8.90  0.2 0.97
  2.01 1566.23   9.17   8.93  0.2 0.97
  2.02 1566.47   9.16   8.96  0.2 0.98
  2.03 1566.71   9.15   8.99  0.2 0.98
  2.04 1566.94   9.14   9.02  0.2 0.99
  2.05 1567.17   9.13   9.05  0.2 0.99
  2.06 1567.41   9.12   9.08  0.2 1.00
  2.07 1567.64   9.11   9.10  0.2 1.00
  2.08 1567.87   9.10   9.13  0.2 1.00
  2.09 1568.09   9.09   9.16  0.2 1.01
  2.10 1568.32   9.08   9.19  0.2 1.01
  2.11 1568.54   9.07   9.22  0.2 1.02
  2.12 1568.77   9.06   9.25  0.2 1.02
  2.13 1568.99   9.05   9.28  0.2 1.03
  2.14 1569.21   9.04   9.31  0.2 1.03
  2.15 1569.43   9.03   9.35  0.2 1.03
  2.16 1569.65   9.02   9.38  0.2 1.04
  2.17 1569.86   9.02   9.41  0.2 1.04
  2.18 1570.08   9.01   9.44  0.2 1.05
  2.19 1570.29   9.00   9.47  0.2 1.05
  2.20 1570.50   8.99   9.50  0.2 1.06
  2.21 1570.71   8.98   9.53  0.2 1.06
  2.22 1570.92   8.97   9.57  0.2 1.07
  2.23 1571.12   8.96   9.60  0.2 1.07
  2.24 1571.33   8.95   9.63  0.2 1.08
  2.25 1571.53   8.94   9.66  0.2 1.08
  2.26 1571.73   8.94   9.69  0.2 1.08
  2.27 1571.93   8.93   9.73  0.2 1.09
  2.28 1572.13   8.92   9.76  0.2 1.09
  2.29 1572.33   8.91   9.79  0.2 1.10
  2.30 1572.52   8.90   9.83  0.2 1.10
  2.31 1572.72   8.89   9.86  0.2 1.11
  2.32 1572.91   8.89   9.90  0.2 1.11
  2.33 1573.10   8.88   9.93  0.2 1.12
  2.34 1573.29   8.87   9.96  0.2 1.12
  2.35 1573.48   8.86  10.00  0.2 1.13
  2.36 1573.67   8.85  10.03  0.2 1.13
  2.37 1573.85   8.85  10.07  0.2 1.14
  2.38 1574.03   8.84  10.10  0.2 1.14
  2.39 1574.21   8.83  10.14  0.2 1.15
  2.40 1574.39   8.82  10.17  0.2 1.15
  2.41 1574.57   8.82  10.21  0.2 1.16
  2.42 1574.75   8.81  10.25  0.2 1.16
  2.43 1574.92   8.80  10.28  0.2 1.17
  2.44 1575.10   8.80  10.32  0.2 1.17
  2.45 1575.27   8.79  10.35  0.2 1.18
  2.46 1575.44   8.78  10.39  0.2 1.18
  2.47 1575.61   8.77  10.43  0.2 1.19
  2.48 1575.77   8.77  10.47  0.2 1.19
  2.49 1575.94   8.76  10.50  0.2 1.20
  2.50 1576.10   8.75  10.54  0.2 1.20
  2.51 1576.26   8.75  10.58  0.2 1.21
  2.52 1576.42   8.74  10.62  0.2 1.21
  2.53 1576.58   8.73  10.66  0.2 1.22
  2.54 1576.74   8.73  10.69  0.2 1.23
  2.55 1576.89   8.72  10.73  0.2 1.23
  2.56 1577.04   8.72  10.77  0.2 1.24
  2.57 1577.20   8.71  10.81  0.2 1.24
  2.58 1577.35   8.70  10.85  0.2 1.25
  2.59 1577.49   8.70  10.89  0.2 1.25
  2.60 1577.64   8.69  10.93  0.2 1.26
  2.61 1577.78   8.69  10.97  0.2 1.26
  2.62 1577.93   8.68  11.01  0.2 1.27
  2.63 1578.07   8.67  11.05  0.2 1.27
  2.64 1578.21   8.67  11.09  0.2 1.28
  2.65 1578.35   8.66  11.14  0.2 1.29
  2.66 1578.48   8.66  11.18  0.2 1.29
  2.67 1578.62   8.65  11.22  0.2 1.30
  2.68 1578.75   8.65  11.26  0.2 1.30
  2.69 1578.88   8.64  11.30  0.2 1.31
  2.70 1579.01   8.64  11.35  0.2 1.31
  2.71 1579.13   8.63  11.39  0.2 1.32
  2.72 1579.26   8.63  11.43  0.2 1.33
  2.73 1579.38   8.62  11.48  0.2 1.33
  2.74 1579.50   8.62  11.52  0.2 1.34
  2.75 1579.62   8.61  11.56  0.2 1.34
  2.76 1579.74   8.61  11.61  0.2 1.35
  2.77 1579.86   8.60  11.65  0.2 1.35
  2.78 1579.97   8.60  11.70  0.2 1.36
  2.79 1580.08   8.59  11.74  0.2 1.37
  2.80 1580.19   8.59  11.79  0.2 1.37
  2.81 1580.30   8.58  11.83  0.2 1.38
  2.82 1580.41   8.58  11.88  0.2 1.38
  2.83 1580.51   8.58  11.93  0.2 1.39
  2.84 1580.61   8.57  11.97  0.2 1.40
  2.85 1580.72   8.57  12.02  0.2 1.40
  2.86 1580.81   8.56  12.07  0.2 1.41
  2.87 1580.91   8.56  12.11  0.2 1.42
  2.88 1581.01   8.56  12.16  0.2 1.42
  2.89 1581.10   8.55  12.21  0.2 1.43
  2.90 1581.19   8.55  12.26  0.2 1.43
  2.91 1581.28   8.55  12.31  0.2 1.44
  2.92 1581.37   8.54  12.36  0.2 1.45
  2.93 1581.45   8.54  12.40  0.2 1.45
  2.94 1581.54   8.54  12.45  0.2 1.46
  2.95 1581.62   8.53  12.50  0.2 1.47
  2.96 1581.70   8.53  12.55  0.2 1.47
  2.97 1581.77   8.53  12.60  0.2 1.48
  2.98 1581.85   8.52  12.66  0.2 1.48
  2.99 1581.92   8.52  12.71  0.2 1.49
  3.00 1581.99   8.52  12.76  0.2 1.50
  3.01 1582.06   8.52  12.81  0.2 1.50
  3.02 1582.13   8.51  12.86  0.2 1.51
  3.03 1582.20   8.51  12.92  0.2 1.52
  3.04 1582.26   8.51  12.97  0.2 1.52
  3.05 1582.32   8.50  13.02  0.2 1.53
  3.06 1582.38   8.50  13.07  0.2 1.54
  3.07 1582.43   8.50  13.13  0.2 1.54
  3.08 1582.49   8.50  13.18  0.2 1.55
  3.09 1582.54   8.50  13.24  0.2 1.56
  3.10 1582.59   8.49  13.29  0.2 1.56
  3.11 1582.64   8.49  13.35  0.2 1.57
  3.12 1582.69   8.49  13.40  0.2 1.58
  3.13 1582.73   8.49  13.46  0.2 1.59
  3.14 1582.77   8.49  13.52  0.2 1.59
  3.15 1582.81   8.49  13.57  0.2 1.60
  3.16 1582.85   8.48  13.63  0.2 1.61
  3.17 1582.88   8.48  13.69  0.2 1.61
  3.18 1582.92   8.48  13.75  0.2 1.62
  3.19 1582.95   8.48  13.80  0.2 1.63
  3.20 1582.98   8.48  13.86  0.2 1.63
  3.21 1583.00   8.48  13.92  0.2 1.64
  3.22 1583.03   8.48  13.98  0.2 1.65
  3.23 1583.05   8.48  14.04  0.2 1.66
  3.24 1583.07   8.48  14.10  0.2 1.66
  3.25 1583.08   8.48  14.16  0.2 1.67
  3.26 1583.10   8.47  14.22  0.2 1.68
  3.27 1583.11   8.47  14.28  0.2 1.69
  3.28 1583.12   8.47  14.35  0.2 1.69
  3.29 1583.13   8.47  14.41  0.2 1.70
  3.30 1583.13   8.47  14.47  0.2 1.71
  3.31 1583.14   8.47  14.53  0.2 1.72
  3.32 1583.14   8.47  14.60  0.2 1.72
  3.33 1583.13   8.47  14.66  0.2 1.73
  3.34 1583.13   8.47  14.73  0.2 1.74
  3.35 1583.12   8.47  14.79  0.2 1.75
  3.36 1583.11   8.47  14.86  0.2 1.75
  3.37 1583.10   8.47  14.92  0.2 1.76
  3.38 1583.09   8.47  14.99  0.2 1.77
  3.39 1583.07   8.48  15.06  0.2 1.78
  3.40 1583.05   8.48  15.12  0.2 1.78
  3.41 1583.03   8.48  15.19  0.2 1.79
  3.42 1583.01   8.48  15.26  0.2 1.80
  3.43 1582.98   8.48  15.33  0.2 1.81
  3.44 1582.95   8.48  15.39  0.2 1.82
  3.45 1582.92   8.48  15.46  0.2 1.82
  3.46 1582.89   8.48  15.53  0.2 1.83
  3.47 1582.85   8.48  15.60  0.2 1.84
  3.48 1582.81   8.49  15.68  0.2 1.85
  3.49 1582.77   8.49  15.75  0.2 1.86
  3.50 1582.72   8.49  15.82  0.2 1.86
  3.51 1582.68   8.49  15.89  0.2 1.87
  3.52 1582.63   8.49  15.96  0.2 1.88
  3.53 1582.57   8.50  16.04  0.2 1.89
  3.54 1582.52   8.50  16.11  0.2 1.90
  3.55 1582.46   8.50  16.18  0.2 1.90
  3.56 1582.40   8.50  16.26  0.2 1.91
  3.57 1582.34   8.50  16.33  0.2 1.92
  3.58 1582.27   8.51  16.41  0.2 1.93
  3.59 1582.20   8.51  16.49  0.2 1.94
  3.60 1582.13   8.51  16.56  0.2 1.95
  3.61 1582.06   8.52  16.64  0.2 1.95
  3.62 1581.98   8.52  16.72  0.2 1.96
  3.63 1581.90   8.52  16.80  0.2 1.97
  3.64 1581.82   8.52  16.88  0.2 1.98
  3.65 1581.73   8.53  16.96  0.2 1.99
  3.66 1581.64   8.53  17.04  0.2 2.00
  3.67 1581.55   8.54  17.12  0.2 2.01
  3.68 1581.46   8.54  17.20  0.2 2.01
  3.69 1581.36   8.54  17.28  0.2 2.02
  3.70 1581.26   8.55  17.36  0.2 2.03
  3.71 1581.15   8.55  17.44  0.2 2.04
  3.72 1581.05   8.56  17.53  0.2 2.05
  3.73 1580.94   8.56  17.61  0.2 2.06
  3.74 1580.83   8.56  17.70  0.2 2.07
  3.75 1580.71   8.57  17.78  0.2 2.08
  3.76 1580.59   8.57  17.87  0.2 2.08
  3.77 1580.47   8.58  17.95  0.2 2.09
  3.78 1580.35   8.58  18.04  0.2 2.10
  3.79 1580.22   8.59  18.13  0.2 2.11
  3.80 1580.09   8.59  18.22  0.2 2.12
  3.81 1579.96   8.60  18.30  0.2 2.13
  3.82 1579.82   8.60  18.39  0.2 2.14
  3.83 1579.68   8.61  18.48  0.2 2.15
  3.84 1579.54   8.62  18.58  0.2 2.16
  3.85 1579.39   8.62  18.67  0.2 2.17
  3.86 1579.24   8.63  18.76  0.2 2.17
  3.87 1579.09   8.63  18.85  0.2 2.18
  3.88 1578.93   8.64  18.94  0.2 2.19
  3.89 1578.77   8.65  19.04  0.2 2.20
  3.90 1578.61   8.65  19.13  0.2 2.21
  3.91 1578.44   8.66  19.23  0.2 2.22
  3.92 1578.27   8.67  19.32  0.2 2.23
  3.93 1578.10   8.67  19.42  0.2 2.24
  3.94 1577.92   8.68  19.52  0.2 2.25
  3.95 1577.74   8.69  19.62  0.2 2.26
  3.96 1577.56   8.69  19.72  0.2 2.27
  3.97 1577.38   8.70  19.81  0.2 2.28
  3.98 1577.19   8.71  19.91  0.2 2.29
  3.99 1576.99   8.72  20.02  0.2 2.30
  4.00 1576.79   8.73  20.12  0.2 2.31
  4.01 1576.59   8.73  20.22  0.2 2.32
  4.02 1576.39   8.74  20.32  0.2 2.32
  4.03 1576.18   8.75  20.43  0.2 2.33
  4.04 1575.97   8.76  20.53  0.2 2.34
  4.05 1575.76   8.77  20.64  0.2 2.35
  4.06 1575.54   8.78  20.74  0.2 2.36
  4.07 1575.32   8.79  20.85  0.2 2.37
  4.08 1575.09   8.80  20.96  0.2 2.38
  4.09 1574.86   8.81  21.07  0.2 2.39
  4.10 1574.63   8.81  21.17  0.2 2.40
  4.11 1574.39   8.82  21.28  0.2 2.41
  4.12 1574.15   8.83  21.40  0.2 2.42
  4.13 1573.91   8.84  21.51  0.2 2.43
  4.14 1573.66   8.86  21.62  0.2 2.44
  4.15 1573.41   8.87  21.73  0.2 2.45
  4.16 1573.15   8.88  21.85  0.2 2.46
  4.17 1572.89   8.89  21.96  0.2 2.47
  4.18 1572.63   8.90  22.08  0.2 2.48
  4.19 1572.36   8.91  22.19  0.2 2.49
  4.20 1572.09   8.92  22.31  0.2 2.50
  4.21 1571.81   8.93  22.43  0.2 2.51
  4.22 1571.53   8.94  22.55  0.2 2.52
  4.23 1571.25   8.96  22.67  0.2 2.53
  4.24 1570.96   8.97  22.79  0.2 2.54
  4.25 1570.67   8.98  22.91  0.2 2.55
  4.26 1570.37   8.99  23.03  0.2 2.56
  4.27 1570.07   9.01  23.16  0.2 2.57
  4.28 1569.77   9.02  23.28  0.2 2.58
  4.29 1569.46   9.03  23.41  0.2 2.59
  4.30 1569.14   9.05  23.53  0.2 2.60
  4.31 1568.83   9.06  23.66  0.2 2.61
  4.32 1568.50   9.07  23.79  0.2 2.62
  4.33 1568.18   9.09  23.92  0.2 2.63
  4.34 1567.85   9.10  24.05  0.2 2.64
  4.35 1567.51   9.12  24.18  0.2 2.65
  4.36 1567.18   9.13  24.31  0.2 2.66
  4.37 1566.83   9.15  24.44  0.2 2.67
  4.38 1566.48   9.16  24.58  0.2 2.68
  4.39 1566.13   9.18  24.71  0.2 2.69
  4.40 1565.78   9.19  24.85  0.2 2.70
  4.41 1565.41   9.21  24.99  0.2 2.71
  4.42 1565.05   9.22  25.12  0.2 2.72
  4.43 1564.68   9.24  25.26  0.2 2.73
  4.44 1564.30   9.26  25.40  0.2 2.74
  4.45 1563.92   9.27  25.54  0.2 2.75
  4.46 1563.54   9.29  25.69  0.2 2.76
  4.47 1563.15   9.31  25.83  0.2 2.77
  4.48 1562.76   9.33  25.97  0.2 2.78
  4.49 1562.36   9.34  26.12  0.2 2.80
